CAG46518.1	sp|Q5RAG0|HDAC1_PONAB	100.000	482	0	0	1	482	1	482	0.0	1008
CAG46518.1	sp|Q13547|HDAC1_HUMAN	100.000	482	0	0	1	482	1	482	0.0	1008
CAG46518.1	sp|O09106|HDAC1_MOUSE	99.378	482	3	0	1	482	1	482	0.0	1004
CAG46518.1	sp|Q4QQW4|HDAC1_RAT	99.170	482	4	0	1	482	1	482	0.0	1003
CAG46518.1	sp|Q32PJ8|HDAC1_BOVIN	99.170	482	4	0	1	482	1	482	0.0	1001
CAG46518.1	sp|P56517|HDAC1_CHICK	91.667	480	38	1	1	480	1	478	0.0	884
CAG46518.1	sp|O42227|HDA1B_XENLA	91.458	480	39	1	1	480	1	478	0.0	872
CAG46518.1	sp|Q92769|HDAC2_HUMAN	85.921	483	63	3	1	478	1	483	0.0	852
CAG46518.1	sp|P70288|HDAC2_MOUSE	85.714	483	64	3	1	478	1	483	0.0	850
CAG46518.1	sp|Q91695|HDA1A_XENLA	90.833	480	42	1	1	480	1	478	0.0	838
CAG46518.1	sp|P56519|HDAC2_CHICK	84.472	483	70	3	1	478	1	483	0.0	832
CAG46518.1	sp|P56518|HDAC1_STRPU	81.042	480	80	5	1	473	1	476	0.0	803
CAG46518.1	sp|Q94517|HDAC1_DROME	78.618	463	99	0	7	469	5	467	0.0	782
CAG46518.1	sp|O17695|HDA1_CAEEL	64.302	451	157	2	8	455	12	461	0.0	643
CAG46518.1	sp|Q55FN5|HDA11_DICDI	66.744	430	140	2	7	436	2	428	0.0	635
CAG46518.1	sp|Q7Y0Y8|HDAC1_ORYSJ	61.684	475	168	5	2	475	15	476	0.0	609
CAG46518.1	sp|O22446|HDA19_ARATH	66.917	399	131	1	6	404	14	411	0.0	576
CAG46518.1	sp|Q9FML2|HDA6_ARATH	63.772	403	143	2	6	405	16	418	0.0	574
CAG46518.1	sp|Q7Y0Y6|HDAC3_ORYSJ	60.000	475	175	6	8	479	23	485	0.0	573
CAG46518.1	sp|P32561|RPD3_YEAST	63.476	397	143	1	8	404	18	412	0.0	568
CAG46518.1	sp|Q8H0W2|HDA9_ARATH	60.000	425	166	3	7	429	3	425	0.0	562
CAG46518.1	sp|Q4SFA0|HDAC3_TETNG	62.720	397	144	3	10	404	4	398	0.0	560
CAG46518.1	sp|Q6YV04|HDAC2_ORYSJ	57.884	482	180	6	8	482	23	488	0.0	560
CAG46518.1	sp|P56520|HDAC3_CHICK	62.250	400	147	3	9	406	3	400	0.0	560
CAG46518.1	sp|Q28DV3|HDAC3_XENTR	61.750	400	149	3	9	406	3	400	0.0	558
CAG46518.1	sp|O59702|CLR6_SCHPO	62.095	401	149	1	8	405	5	405	0.0	556
CAG46518.1	sp|Q803C3|HDAC3_DANRE	60.095	421	154	4	10	428	4	412	0.0	556
CAG46518.1	sp|P56521|HDA19_MAIZE	66.494	385	123	3	6	389	20	399	0.0	556
CAG46518.1	sp|Q6IRL9|HDAC3_XENLA	61.809	398	148	3	9	404	3	398	0.0	555
CAG46518.1	sp|Q6P6W3|HDAC3_RAT	62.564	390	144	2	9	396	3	392	0.0	555
CAG46518.1	sp|O88895|HDAC3_MOUSE	62.564	390	144	2	9	396	3	392	0.0	555
CAG46518.1	sp|O15379|HDAC3_HUMAN	62.308	390	145	2	9	396	3	392	0.0	553
CAG46518.1	sp|Q5RB76|HDAC3_PONAB	62.051	390	146	2	9	396	3	392	0.0	550
CAG46518.1	sp|Q55BW2|HDA12_DICDI	60.000	420	155	5	7	421	11	422	0.0	545
CAG46518.1	sp|O13298|PHD1_SCHPO	54.293	396	174	4	8	400	25	416	1.87e-164	474
CAG46518.1	sp|Q9FH09|HDA7_ARATH	52.334	407	183	4	6	405	7	409	4.33e-156	452
CAG46518.1	sp|P53096|HOS2_YEAST	50.728	412	187	6	10	405	27	438	6.10e-152	443
CAG46518.1	sp|Q09440|HDA2_CAEEL	51.979	379	180	2	8	384	28	406	7.05e-143	422
CAG46518.1	sp|B1H369|HDAC8_XENTR	44.023	343	190	2	32	373	27	368	1.17e-109	332
CAG46518.1	sp|Q7SXM0|HDAC8_DANRE	46.041	341	182	2	32	371	36	375	1.21e-107	327
CAG46518.1	sp|Q8VH37|HDAC8_MOUSE	43.695	341	190	2	32	371	35	374	1.53e-107	327
CAG46518.1	sp|B1WC68|HDAC8_RAT	43.695	341	190	2	32	371	35	374	1.57e-107	327
CAG46518.1	sp|Q9BY41|HDAC8_HUMAN	43.109	341	192	2	32	371	35	374	6.33e-107	325
CAG46518.1	sp|Q0VCB2|HDAC8_BOVIN	43.109	341	192	2	32	371	35	374	4.13e-105	321
CAG46518.1	sp|Q6GPA7|HDAC8_XENLA	44.688	320	175	2	53	371	4	322	2.41e-102	312
CAG46518.1	sp|P39067|ACUC_BACSU	33.735	332	205	6	9	327	2	331	4.24e-51	181
CAG46518.1	sp|Q12214|HOS1_YEAST	38.589	241	141	5	80	316	150	387	8.15e-50	179
CAG46518.1	sp|Q9LXN8|HDA17_ARATH	50.314	159	76	2	273	430	2	158	5.47e-49	168
CAG46518.1	sp|Q56195|ACUC_STAXY	32.635	334	207	8	1	325	4	328	3.36e-44	162
CAG46518.1	sp|Q8NW34|ACUC_STAAW	32.012	328	214	5	5	324	2	328	1.52e-40	152
CAG46518.1	sp|Q6G8J2|ACUC_STAAS	32.012	328	214	5	5	324	2	328	1.52e-40	152
CAG46518.1	sp|Q5HF39|ACUC_STAAC	32.012	328	214	5	5	324	2	328	2.66e-40	152
CAG46518.1	sp|P64376|ACUC_STAAN	31.707	328	215	5	5	324	2	328	3.16e-40	152
CAG46518.1	sp|P64375|ACUC_STAAM	31.707	328	215	5	5	324	2	328	3.16e-40	152
CAG46518.1	sp|Q6GFX3|ACUC_STAAR	32.198	323	210	5	10	324	7	328	4.04e-40	151
CAG46518.1	sp|Q9M1N8|HDA10_ARATH	44.025	159	70	3	273	430	2	142	5.62e-37	135
CAG46518.1	sp|O30107|Y130_ARCFU	31.679	262	164	6	28	285	20	270	7.55e-35	136
CAG46518.1	sp|Q5A960|HDA1_CANAL	26.344	372	230	13	24	371	140	491	2.92e-32	134
CAG46518.1	sp|P53973|HDA1_YEAST	28.060	335	206	12	22	329	77	403	1.55e-28	122
CAG46518.1	sp|Q94EJ2|HDA8_ARATH	27.517	298	192	6	28	311	39	326	5.36e-27	115
CAG46518.1	sp|Q8WUI4|HDAC7_HUMAN	26.730	318	172	10	28	305	541	837	2.59e-25	113
CAG46518.1	sp|Q9HXM1|HDAH_PSEAE	26.772	254	172	4	27	276	38	281	3.07e-25	110
CAG46518.1	sp|Q8C2B3|HDAC7_MOUSE	26.415	318	173	10	28	305	528	824	9.06e-25	111
CAG46518.1	sp|Q99P99|HDAC4_RAT	29.054	296	179	10	28	301	673	959	9.18e-25	111
CAG46518.1	sp|Q8GXJ1|HDA15_ARATH	30.165	242	155	6	140	369	276	515	1.43e-24	110
CAG46518.1	sp|Q8RX28|HDA5_ARATH	27.414	321	209	10	8	310	24	338	1.73e-24	110
CAG46518.1	sp|Q8LRK8|HDA18_ARATH	24.603	378	243	11	7	366	56	409	4.14e-24	109
CAG46518.1	sp|Q6NZM9|HDAC4_MOUSE	28.333	300	184	10	28	305	672	962	4.55e-24	109
CAG46518.1	sp|P83038|HDAC4_CHICK	28.197	305	182	10	28	305	671	965	5.82e-24	109
CAG46518.1	sp|P56524|HDAC4_HUMAN	29.032	310	166	12	28	301	675	966	6.39e-24	109
CAG46518.1	sp|Q80ZH1|HDAC5_CRIGR	29.795	292	157	12	28	281	693	974	2.48e-23	107
CAG46518.1	sp|Q9UBN7|HDAC6_HUMAN	26.948	308	208	10	15	309	485	788	3.01e-23	107
CAG46518.1	sp|Q9UBN7|HDAC6_HUMAN	28.283	297	187	10	29	309	106	392	6.48e-20	97.1
CAG46518.1	sp|Q9UKV0|HDAC9_HUMAN	28.042	378	198	17	28	362	654	1000	5.44e-23	106
CAG46518.1	sp|Q9Z2V5|HDAC6_MOUSE	26.962	293	199	8	28	309	499	787	4.54e-22	103
CAG46518.1	sp|Q9Z2V5|HDAC6_MOUSE	27.740	292	197	8	29	310	105	392	6.65e-21	100
CAG46518.1	sp|P56523|CLR3_SCHPO	29.455	275	173	11	58	319	114	380	1.42e-21	101
CAG46518.1	sp|Q613L4|HDA4_CAEBR	26.984	315	174	11	34	309	509	806	2.80e-21	100
CAG46518.1	sp|P28606|Y1628_SYNP2	28.159	277	171	9	34	304	25	279	5.00e-21	96.7
CAG46518.1	sp|F1QCV2|HDA10_DANRE	26.316	247	169	7	32	269	30	272	6.43e-21	99.8
CAG46518.1	sp|O17323|HDA4_CAEEL	27.660	282	149	10	34	277	489	753	8.78e-21	99.4
CAG46518.1	sp|Q9Z2V6|HDAC5_MOUSE	29.795	292	157	12	28	281	695	976	1.91e-20	98.6
CAG46518.1	sp|Q5R902|HDAC5_PONAB	30.137	292	156	12	28	281	704	985	2.02e-20	98.6
CAG46518.1	sp|Q57955|Y535_METJA	27.273	264	157	6	28	277	23	265	3.34e-20	95.1
CAG46518.1	sp|Q9UQL6|HDAC5_HUMAN	29.795	292	157	12	28	281	704	985	5.79e-20	97.1
CAG46518.1	sp|Q20296|HDA6_CAEEL	33.333	183	111	6	140	311	145	327	1.86e-19	95.5
CAG46518.1	sp|Q20296|HDA6_CAEEL	25.157	318	211	11	11	309	428	737	1.55e-18	92.4
CAG46518.1	sp|Q969S8|HDA10_HUMAN	25.658	304	198	10	31	316	27	320	3.55e-19	94.4
CAG46518.1	sp|Q3JUN4|APAHL_BURP1	34.104	173	107	4	140	308	156	325	5.43e-19	91.7
CAG46518.1	sp|O27262|Y1194_METTH	25.670	261	177	5	56	311	43	291	8.91e-19	90.5
CAG46518.1	sp|Q6P3E7|HDA10_MOUSE	25.743	303	197	10	32	316	28	320	1.08e-18	92.8
CAG46518.1	sp|Q941D6|HDA14_ARATH	32.143	140	92	2	140	277	201	339	2.27e-17	87.4
CAG46518.1	sp|Q70I53|HDAH_ALCSD	24.710	259	179	5	28	280	36	284	4.79e-16	83.2
CAG46518.1	sp|Q569C4|HDA10_RAT	25.373	268	185	8	32	289	28	290	8.70e-16	83.6
CAG46518.1	sp|Q9I3T5|APAH1_PSEAE	30.114	176	113	5	140	309	160	331	1.41e-15	81.3
CAG46518.1	sp|Q9I6H0|APAH2_PSEAE	22.756	312	197	10	31	309	29	329	2.12e-15	80.9
CAG46518.1	sp|Q944K3|HDA2_ARATH	25.773	291	179	11	28	303	93	361	1.90e-14	78.6
CAG46518.1	sp|Q91WA3|HDA11_MOUSE	30.846	201	122	7	114	307	118	308	1.95e-14	77.8
CAG46518.1	sp|Q9GKU5|HDA11_MACFA	30.244	205	126	7	110	307	114	308	6.12e-14	76.6
CAG46518.1	sp|Q96DB2|HDA11_HUMAN	30.244	205	126	7	110	307	114	308	7.35e-14	76.3
CAG46518.1	sp|Q48935|APAH_MYCRA	26.744	172	122	4	140	308	158	328	6.52e-13	73.2
CAG46518.1	sp|P72702|Y245_SYNY3	23.607	305	215	8	11	310	2	293	7.00e-13	72.8
CAG46518.1	sp|Q54VQ7|HDA22_DICDI	22.121	330	207	14	28	311	1080	1405	1.46e-10	67.8
CAG46518.1	sp|Q54X15|HDA21_DICDI	22.177	248	140	9	9	205	1059	1304	0.002	45.1
CAG46518.1	sp|Q02959|HOS3_YEAST	33.333	51	32	1	140	188	195	245	0.65	36.6
CAG46518.1	sp|Q87TH1|TATA_VIBPA	32.787	61	39	1	420	478	20	80	6.9	30.4
